1
120
30
1.50000000000000000000
1.19999999999999995559
0.00000000000000000000 0.75000000000000000000 0.50000000000000000000 0.25000000000000000000 0.00000000000000000000 0.75000000000000000000 0.50000000000000000000 0.25000000000000000000 0.00000000000000000000 0.75000000000000000000 0.50000000000000000000 0.25000000000000000000 0.00000000000000000000 0.75000000000000000000 0.50000000000000000000 0.25000000000000000000 0.00000000000000000000 0.75000000000000000000 0.50000000000000000000 0.25000000000000000000 0.00000000000000000000 0.75000000000000000000 0.50000000000000000000 0.25000000000000000000 0.00000000000000000000 0.75000000000000000000 0.50000000000000000000 0.25000000000000000000 0.00000000000000000000 0.75000000000000000000 0.50000000000000000000 0.25000000000000000000 0.00000000000000000000 0.75000000000000000000 0.50000000000000000000 0.25000000000000000000 0.00000000000000000000 0.75000000000000000000 0.50000000000000000000 0.25000000000000000000 0.00000000000000000000 0.75000000000000000000 0.50000000000000000000 0.25000000000000000000 0.00000000000000000000 0.75000000000000000000 0.50000000000000000000 0.25000000000000000000 0.00000000000000000000 0.75000000000000000000 0.50000000000000000000 0.25000000000000000000 0.00000000000000000000 0.75000000000000000000 0.50000000000000000000 0.25000000000000000000 0.00000000000000000000 0.75000000000000000000 0.50000000000000000000 0.25000000000000000000 0.00000000000000000000 0.75000000000000000000 0.50000000000000000000 0.25000000000000000000 0.00000000000000000000 0.75000000000000000000 0.50000000000000000000 0.25000000000000000000 0.00000000000000000000 0.75000000000000000000 0.50000000000000000000 0.25000000000000000000 0.00000000000000000000 0.75000000000000000000 0.50000000000000000000 0.25000000000000000000 0.00000000000000000000 0.75000000000000000000 0.50000000000000000000 0.25000000000000000000 0.00000000000000000000 0.75000000000000000000 0.50000000000000000000 0.25000000000000000000 0.00000000000000000000 0.75000000000000000000 0.50000000000000000000 0.25000000000000000000 0.00000000000000000000 0.75000000000000000000 0.50000000000000000000 0.25000000000000000000 0.00000000000000000000 0.75000000000000000000 0.50000000000000000000 0.25000000000000000000 0.00000000000000000000 0.75000000000000000000 0.50000000000000000000 0.25000000000000000000 0.00000000000000000000 0.75000000000000000000 0.50000000000000000000 0.25000000000000000000 0.00000000000000000000 0.75000000000000000000 0.50000000000000000000 0.25000000000000000000 0.00000000000000000000 0.75000000000000000000 0.50000000000000000000 0.25000000000000000000 0.00000000000000000000 0.75000000000000000000 0.50000000000000000000 0.25000000000000000000 0.00000000000000000000 0.75000000000000000000 0.50000000000000000000 0.25000000000000000000 
0.00000000000000000000 0.75833333333333330373 0.51666666666666671848 0.27500000000000002220 0.03333333333333333287 0.79166666666666662966 0.55000000000000004441 0.30833333333333334814 0.06666666666666666574 0.82499999999999995559 0.58333333333333337034 0.34166666666666667407 0.10000000000000000555 0.85833333333333328152 0.61666666666666669627 0.37500000000000000000 0.13333333333333333148 0.89166666666666671848 0.65000000000000002220 0.40833333333333332593 0.16666666666666665741 0.92500000000000004441 0.68333333333333334814 0.44166666666666665186 0.20000000000000001110 0.95833333333333337034 0.71666666666666667407 0.47499999999999997780 0.23333333333333333703 0.99166666666666669627 0.75000000000000000000 0.50833333333333330373 0.26666666666666666297 0.02500000000000000139 0.78333333333333332593 0.54166666666666662966 0.29999999999999998890 0.05833333333333333426 0.81666666666666665186 0.57499999999999995559 0.33333333333333331483 0.09166666666666666019 0.84999999999999997780 0.60833333333333328152 0.36666666666666664076 0.12500000000000000000 0.88333333333333330373 0.64166666666666671848 0.40000000000000002220 0.15833333333333332593 0.91666666666666662966 0.67500000000000004441 0.43333333333333334814 0.19166666666666667962 0.94999999999999995559 0.70833333333333337034 0.46666666666666667407 0.22500000000000000555 0.98333333333333328152 0.74166666666666669627 0.50000000000000000000 0.25833333333333335924 0.01666666666666666644 0.77500000000000002220 0.53333333333333332593 0.29166666666666668517 0.05000000000000000278 0.80833333333333334814 0.56666666666666665186 0.32500000000000001110 0.08333333333333332871 0.84166666666666667407 0.59999999999999997780 0.35833333333333333703 0.11666666666666666852 0.87500000000000000000 0.63333333333333330373 0.39166666666666666297 0.14999999999999999445 0.90833333333333332593 0.66666666666666662966 0.42499999999999998890 0.18333333333333332038 0.94166666666666665186 0.69999999999999995559 0.45833333333333331483 0.21666666666666667407 0.97499999999999997780 0.73333333333333328152 0.49166666666666664076 0.25000000000000000000 0.00833333333333333322 0.76666666666666671848 0.52500000000000002220 0.28333333333333332593 0.04166666666666666435 0.80000000000000004441 0.55833333333333334814 0.31666666666666665186 0.07499999999999999722 0.83333333333333337034 0.59166666666666667407 0.34999999999999997780 0.10833333333333333703 0.86666666666666669627 0.62500000000000000000 0.38333333333333335924 0.14166666666666666297 0.90000000000000002220 0.65833333333333332593 0.41666666666666668517 0.17499999999999998890 0.93333333333333334814 0.69166666666666665186 0.45000000000000001110 0.20833333333333334259 0.96666666666666667407 0.72499999999999997780 0.48333333333333333703 0.24166666666666666852 
0.00000000000000000000 0.76666666666666671848 0.53333333333333332593 0.29999999999999998890 0.06666666666666666574 0.83333333333333337034 0.59999999999999997780 0.36666666666666664076 0.13333333333333333148 0.90000000000000002220 0.66666666666666662966 0.43333333333333334814 0.20000000000000001110 0.96666666666666667407 0.73333333333333328152 0.50000000000000000000 0.26666666666666666297 0.03333333333333333287 0.80000000000000004441 0.56666666666666665186 0.33333333333333331483 0.10000000000000000555 0.86666666666666669627 0.63333333333333330373 0.40000000000000002220 0.16666666666666665741 0.93333333333333334814 0.69999999999999995559 0.46666666666666667407 0.23333333333333333703 0.00000000000000000000 0.76666666666666671848 0.53333333333333332593 0.29999999999999998890 0.06666666666666666574 0.83333333333333337034 0.59999999999999997780 0.36666666666666664076 0.13333333333333333148 0.90000000000000002220 0.66666666666666662966 0.43333333333333334814 0.20000000000000001110 0.96666666666666667407 0.73333333333333328152 0.50000000000000000000 0.26666666666666666297 0.03333333333333333287 0.80000000000000004441 0.56666666666666665186 0.33333333333333331483 0.10000000000000000555 0.86666666666666669627 0.63333333333333330373 0.40000000000000002220 0.16666666666666665741 0.93333333333333334814 0.69999999999999995559 0.46666666666666667407 0.23333333333333333703 0.00000000000000000000 0.76666666666666671848 0.53333333333333332593 0.29999999999999998890 0.06666666666666666574 0.83333333333333337034 0.59999999999999997780 0.36666666666666664076 0.13333333333333333148 0.90000000000000002220 0.66666666666666662966 0.43333333333333334814 0.20000000000000001110 0.96666666666666667407 0.73333333333333328152 0.50000000000000000000 0.26666666666666666297 0.03333333333333333287 0.80000000000000004441 0.56666666666666665186 0.33333333333333331483 0.10000000000000000555 0.86666666666666669627 0.63333333333333330373 0.40000000000000002220 0.16666666666666665741 0.93333333333333334814 0.69999999999999995559 0.46666666666666667407 0.23333333333333333703 0.00000000000000000000 0.76666666666666671848 0.53333333333333332593 0.29999999999999998890 0.06666666666666666574 0.83333333333333337034 0.59999999999999997780 0.36666666666666664076 0.13333333333333333148 0.90000000000000002220 0.66666666666666662966 0.43333333333333334814 0.20000000000000001110 0.96666666666666667407 0.73333333333333328152 0.50000000000000000000 0.26666666666666666297 0.03333333333333333287 0.80000000000000004441 0.56666666666666665186 0.33333333333333331483 0.10000000000000000555 0.86666666666666669627 0.63333333333333330373 0.40000000000000002220 0.16666666666666665741 0.93333333333333334814 0.69999999999999995559 0.46666666666666667407 0.23333333333333333703 
0.00000000000000000000 0.77500000000000002220 0.55000000000000004441 0.32500000000000001110 0.10000000000000000555 0.87500000000000000000 0.65000000000000002220 0.42499999999999998890 0.20000000000000001110 0.97499999999999997780 0.75000000000000000000 0.52500000000000002220 0.29999999999999998890 0.07499999999999999722 0.84999999999999997780 0.62500000000000000000 0.40000000000000002220 0.17499999999999998890 0.94999999999999995559 0.72499999999999997780 0.50000000000000000000 0.27500000000000002220 0.05000000000000000278 0.82499999999999995559 0.59999999999999997780 0.37500000000000000000 0.14999999999999999445 0.92500000000000004441 0.69999999999999995559 0.47499999999999997780 0.25000000000000000000 0.02500000000000000139 0.80000000000000004441 0.57499999999999995559 0.34999999999999997780 0.12500000000000000000 0.90000000000000002220 0.67500000000000004441 0.45000000000000001110 0.22500000000000000555 0.00000000000000000000 0.77500000000000002220 0.55000000000000004441 0.32500000000000001110 0.10000000000000000555 0.87500000000000000000 0.65000000000000002220 0.42499999999999998890 0.20000000000000001110 0.97499999999999997780 0.75000000000000000000 0.52500000000000002220 0.29999999999999998890 0.07499999999999999722 0.84999999999999997780 0.62500000000000000000 0.40000000000000002220 0.17499999999999998890 0.94999999999999995559 0.72499999999999997780 0.50000000000000000000 0.27500000000000002220 0.05000000000000000278 0.82499999999999995559 0.59999999999999997780 0.37500000000000000000 0.14999999999999999445 0.92500000000000004441 0.69999999999999995559 0.47499999999999997780 0.25000000000000000000 0.02500000000000000139 0.80000000000000004441 0.57499999999999995559 0.34999999999999997780 0.12500000000000000000 0.90000000000000002220 0.67500000000000004441 0.45000000000000001110 0.22500000000000000555 0.00000000000000000000 0.77500000000000002220 0.55000000000000004441 0.32500000000000001110 0.10000000000000000555 0.87500000000000000000 0.65000000000000002220 0.42499999999999998890 0.20000000000000001110 0.97499999999999997780 0.75000000000000000000 0.52500000000000002220 0.29999999999999998890 0.07499999999999999722 0.84999999999999997780 0.62500000000000000000 0.40000000000000002220 0.17499999999999998890 0.94999999999999995559 0.72499999999999997780 0.50000000000000000000 0.27500000000000002220 0.05000000000000000278 0.82499999999999995559 0.59999999999999997780 0.37500000000000000000 0.14999999999999999445 0.92500000000000004441 0.69999999999999995559 0.47499999999999997780 0.25000000000000000000 0.02500000000000000139 0.80000000000000004441 0.57499999999999995559 0.34999999999999997780 0.12500000000000000000 0.90000000000000002220 0.67500000000000004441 0.45000000000000001110 0.22500000000000000555 
0.00000000000000000000 0.78333333333333332593 0.56666666666666665186 0.34999999999999997780 0.13333333333333333148 0.91666666666666662966 0.69999999999999995559 0.48333333333333333703 0.26666666666666666297 0.05000000000000000278 0.83333333333333337034 0.61666666666666669627 0.40000000000000002220 0.18333333333333332038 0.96666666666666667407 0.75000000000000000000 0.53333333333333332593 0.31666666666666665186 0.10000000000000000555 0.88333333333333330373 0.66666666666666662966 0.45000000000000001110 0.23333333333333333703 0.01666666666666666644 0.80000000000000004441 0.58333333333333337034 0.36666666666666664076 0.14999999999999999445 0.93333333333333334814 0.71666666666666667407 0.50000000000000000000 0.28333333333333332593 0.06666666666666666574 0.84999999999999997780 0.63333333333333330373 0.41666666666666668517 0.20000000000000001110 0.98333333333333328152 0.76666666666666671848 0.55000000000000004441 0.33333333333333331483 0.11666666666666666852 0.90000000000000002220 0.68333333333333334814 0.46666666666666667407 0.25000000000000000000 0.03333333333333333287 0.81666666666666665186 0.59999999999999997780 0.38333333333333335924 0.16666666666666665741 0.94999999999999995559 0.73333333333333328152 0.51666666666666671848 0.29999999999999998890 0.08333333333333332871 0.86666666666666669627 0.65000000000000002220 0.43333333333333334814 0.21666666666666667407 0.00000000000000000000 0.78333333333333332593 0.56666666666666665186 0.34999999999999997780 0.13333333333333333148 0.91666666666666662966 0.69999999999999995559 0.48333333333333333703 0.26666666666666666297 0.05000000000000000278 0.83333333333333337034 0.61666666666666669627 0.40000000000000002220 0.18333333333333332038 0.96666666666666667407 0.75000000000000000000 0.53333333333333332593 0.31666666666666665186 0.10000000000000000555 0.88333333333333330373 0.66666666666666662966 0.45000000000000001110 0.23333333333333333703 0.01666666666666666644 0.80000000000000004441 0.58333333333333337034 0.36666666666666664076 0.14999999999999999445 0.93333333333333334814 0.71666666666666667407 0.50000000000000000000 0.28333333333333332593 0.06666666666666666574 0.84999999999999997780 0.63333333333333330373 0.41666666666666668517 0.20000000000000001110 0.98333333333333328152 0.76666666666666671848 0.55000000000000004441 0.33333333333333331483 0.11666666666666666852 0.90000000000000002220 0.68333333333333334814 0.46666666666666667407 0.25000000000000000000 0.03333333333333333287 0.81666666666666665186 0.59999999999999997780 0.38333333333333335924 0.16666666666666665741 0.94999999999999995559 0.73333333333333328152 0.51666666666666671848 0.29999999999999998890 0.08333333333333332871 0.86666666666666669627 0.65000000000000002220 0.43333333333333334814 0.21666666666666667407 
0.00000000000000000000 0.79166666666666662966 0.58333333333333337034 0.37500000000000000000 0.16666666666666665741 0.95833333333333337034 0.75000000000000000000 0.54166666666666662966 0.33333333333333331483 0.12500000000000000000 0.91666666666666662966 0.70833333333333337034 0.50000000000000000000 0.29166666666666668517 0.08333333333333332871 0.87500000000000000000 0.66666666666666662966 0.45833333333333331483 0.25000000000000000000 0.04166666666666666435 0.83333333333333337034 0.62500000000000000000 0.41666666666666668517 0.20833333333333334259 0.00000000000000000000 0.79166666666666662966 0.58333333333333337034 0.37500000000000000000 0.16666666666666665741 0.95833333333333337034 0.75000000000000000000 0.54166666666666662966 0.33333333333333331483 0.12500000000000000000 0.91666666666666662966 0.70833333333333337034 0.50000000000000000000 0.29166666666666668517 0.08333333333333332871 0.87500000000000000000 0.66666666666666662966 0.45833333333333331483 0.25000000000000000000 0.04166666666666666435 0.83333333333333337034 0.62500000000000000000 0.41666666666666668517 0.20833333333333334259 0.00000000000000000000 0.79166666666666662966 0.58333333333333337034 0.37500000000000000000 0.16666666666666665741 0.95833333333333337034 0.75000000000000000000 0.54166666666666662966 0.33333333333333331483 0.12500000000000000000 0.91666666666666662966 0.70833333333333337034 0.50000000000000000000 0.29166666666666668517 0.08333333333333332871 0.87500000000000000000 0.66666666666666662966 0.45833333333333331483 0.25000000000000000000 0.04166666666666666435 0.83333333333333337034 0.62500000000000000000 0.41666666666666668517 0.20833333333333334259 0.00000000000000000000 0.79166666666666662966 0.58333333333333337034 0.37500000000000000000 0.16666666666666665741 0.95833333333333337034 0.75000000000000000000 0.54166666666666662966 0.33333333333333331483 0.12500000000000000000 0.91666666666666662966 0.70833333333333337034 0.50000000000000000000 0.29166666666666668517 0.08333333333333332871 0.87500000000000000000 0.66666666666666662966 0.45833333333333331483 0.25000000000000000000 0.04166666666666666435 0.83333333333333337034 0.62500000000000000000 0.41666666666666668517 0.20833333333333334259 0.00000000000000000000 0.79166666666666662966 0.58333333333333337034 0.37500000000000000000 0.16666666666666665741 0.95833333333333337034 0.75000000000000000000 0.54166666666666662966 0.33333333333333331483 0.12500000000000000000 0.91666666666666662966 0.70833333333333337034 0.50000000000000000000 0.29166666666666668517 0.08333333333333332871 0.87500000000000000000 0.66666666666666662966 0.45833333333333331483 0.25000000000000000000 0.04166666666666666435 0.83333333333333337034 0.62500000000000000000 0.41666666666666668517 0.20833333333333334259 
0.00000000000000000000 0.80000000000000004441 0.59999999999999997780 0.40000000000000002220 0.20000000000000001110 0.00000000000000000000 0.80000000000000004441 0.59999999999999997780 0.40000000000000002220 0.20000000000000001110 0.00000000000000000000 0.80000000000000004441 0.59999999999999997780 0.40000000000000002220 0.20000000000000001110 0.00000000000000000000 0.80000000000000004441 0.59999999999999997780 0.40000000000000002220 0.20000000000000001110 0.00000000000000000000 0.80000000000000004441 0.59999999999999997780 0.40000000000000002220 0.20000000000000001110 0.00000000000000000000 0.80000000000000004441 0.59999999999999997780 0.40000000000000002220 0.20000000000000001110 0.00000000000000000000 0.80000000000000004441 0.59999999999999997780 0.40000000000000002220 0.20000000000000001110 0.00000000000000000000 0.80000000000000004441 0.59999999999999997780 0.40000000000000002220 0.20000000000000001110 0.00000000000000000000 0.80000000000000004441 0.59999999999999997780 0.40000000000000002220 0.20000000000000001110 0.00000000000000000000 0.80000000000000004441 0.59999999999999997780 0.40000000000000002220 0.20000000000000001110 0.00000000000000000000 0.80000000000000004441 0.59999999999999997780 0.40000000000000002220 0.20000000000000001110 0.00000000000000000000 0.80000000000000004441 0.59999999999999997780 0.40000000000000002220 0.20000000000000001110 0.00000000000000000000 0.80000000000000004441 0.59999999999999997780 0.40000000000000002220 0.20000000000000001110 0.00000000000000000000 0.80000000000000004441 0.59999999999999997780 0.40000000000000002220 0.20000000000000001110 0.00000000000000000000 0.80000000000000004441 0.59999999999999997780 0.40000000000000002220 0.20000000000000001110 0.00000000000000000000 0.80000000000000004441 0.59999999999999997780 0.40000000000000002220 0.20000000000000001110 0.00000000000000000000 0.80000000000000004441 0.59999999999999997780 0.40000000000000002220 0.20000000000000001110 0.00000000000000000000 0.80000000000000004441 0.59999999999999997780 0.40000000000000002220 0.20000000000000001110 0.00000000000000000000 0.80000000000000004441 0.59999999999999997780 0.40000000000000002220 0.20000000000000001110 0.00000000000000000000 0.80000000000000004441 0.59999999999999997780 0.40000000000000002220 0.20000000000000001110 0.00000000000000000000 0.80000000000000004441 0.59999999999999997780 0.40000000000000002220 0.20000000000000001110 0.00000000000000000000 0.80000000000000004441 0.59999999999999997780 0.40000000000000002220 0.20000000000000001110 0.00000000000000000000 0.80000000000000004441 0.59999999999999997780 0.40000000000000002220 0.20000000000000001110 0.00000000000000000000 0.80000000000000004441 0.59999999999999997780 0.40000000000000002220 0.20000000000000001110 
0.00000000000000000000 0.80833333333333334814 0.61666666666666669627 0.42499999999999998890 0.23333333333333333703 0.04166666666666666435 0.84999999999999997780 0.65833333333333332593 0.46666666666666667407 0.27500000000000002220 0.08333333333333332871 0.89166666666666671848 0.69999999999999995559 0.50833333333333330373 0.31666666666666665186 0.12500000000000000000 0.93333333333333334814 0.74166666666666669627 0.55000000000000004441 0.35833333333333333703 0.16666666666666665741 0.97499999999999997780 0.78333333333333332593 0.59166666666666667407 0.40000000000000002220 0.20833333333333334259 0.01666666666666666644 0.82499999999999995559 0.63333333333333330373 0.44166666666666665186 0.25000000000000000000 0.05833333333333333426 0.86666666666666669627 0.67500000000000004441 0.48333333333333333703 0.29166666666666668517 0.10000000000000000555 0.90833333333333332593 0.71666666666666667407 0.52500000000000002220 0.33333333333333331483 0.14166666666666666297 0.94999999999999995559 0.75833333333333330373 0.56666666666666665186 0.37500000000000000000 0.18333333333333332038 0.99166666666666669627 0.80000000000000004441 0.60833333333333328152 0.41666666666666668517 0.22500000000000000555 0.03333333333333333287 0.84166666666666667407 0.65000000000000002220 0.45833333333333331483 0.26666666666666666297 0.07499999999999999722 0.88333333333333330373 0.69166666666666665186 0.50000000000000000000 0.30833333333333334814 0.11666666666666666852 0.92500000000000004441 0.73333333333333328152 0.54166666666666662966 0.34999999999999997780 0.15833333333333332593 0.96666666666666667407 0.77500000000000002220 0.58333333333333337034 0.39166666666666666297 0.20000000000000001110 0.00833333333333333322 0.81666666666666665186 0.62500000000000000000 0.43333333333333334814 0.24166666666666666852 0.05000000000000000278 0.85833333333333328152 0.66666666666666662966 0.47499999999999997780 0.28333333333333332593 0.09166666666666666019 0.90000000000000002220 0.70833333333333337034 0.51666666666666671848 0.32500000000000001110 0.13333333333333333148 0.94166666666666665186 0.75000000000000000000 0.55833333333333334814 0.36666666666666664076 0.17499999999999998890 0.98333333333333328152 0.79166666666666662966 0.59999999999999997780 0.40833333333333332593 0.21666666666666667407 0.02500000000000000139 0.83333333333333337034 0.64166666666666671848 0.45000000000000001110 0.25833333333333335924 0.06666666666666666574 0.87500000000000000000 0.68333333333333334814 0.49166666666666664076 0.29999999999999998890 0.10833333333333333703 0.91666666666666662966 0.72499999999999997780 0.53333333333333332593 0.34166666666666667407 0.14999999999999999445 0.95833333333333337034 0.76666666666666671848 0.57499999999999995559 0.38333333333333335924 0.19166666666666667962 
0.00000000000000000000 0.81666666666666665186 0.63333333333333330373 0.45000000000000001110 0.26666666666666666297 0.08333333333333332871 0.90000000000000002220 0.71666666666666667407 0.53333333333333332593 0.34999999999999997780 0.16666666666666665741 0.98333333333333328152 0.80000000000000004441 0.61666666666666669627 0.43333333333333334814 0.25000000000000000000 0.06666666666666666574 0.88333333333333330373 0.69999999999999995559 0.51666666666666671848 0.33333333333333331483 0.14999999999999999445 0.96666666666666667407 0.78333333333333332593 0.59999999999999997780 0.41666666666666668517 0.23333333333333333703 0.05000000000000000278 0.86666666666666669627 0.68333333333333334814 0.50000000000000000000 0.31666666666666665186 0.13333333333333333148 0.94999999999999995559 0.76666666666666671848 0.58333333333333337034 0.40000000000000002220 0.21666666666666667407 0.03333333333333333287 0.84999999999999997780 0.66666666666666662966 0.48333333333333333703 0.29999999999999998890 0.11666666666666666852 0.93333333333333334814 0.75000000000000000000 0.56666666666666665186 0.38333333333333335924 0.20000000000000001110 0.01666666666666666644 0.83333333333333337034 0.65000000000000002220 0.46666666666666667407 0.28333333333333332593 0.10000000000000000555 0.91666666666666662966 0.73333333333333328152 0.55000000000000004441 0.36666666666666664076 0.18333333333333332038 0.00000000000000000000 0.81666666666666665186 0.63333333333333330373 0.45000000000000001110 0.26666666666666666297 0.08333333333333332871 0.90000000000000002220 0.71666666666666667407 0.53333333333333332593 0.34999999999999997780 0.16666666666666665741 0.98333333333333328152 0.80000000000000004441 0.61666666666666669627 0.43333333333333334814 0.25000000000000000000 0.06666666666666666574 0.88333333333333330373 0.69999999999999995559 0.51666666666666671848 0.33333333333333331483 0.14999999999999999445 0.96666666666666667407 0.78333333333333332593 0.59999999999999997780 0.41666666666666668517 0.23333333333333333703 0.05000000000000000278 0.86666666666666669627 0.68333333333333334814 0.50000000000000000000 0.31666666666666665186 0.13333333333333333148 0.94999999999999995559 0.76666666666666671848 0.58333333333333337034 0.40000000000000002220 0.21666666666666667407 0.03333333333333333287 0.84999999999999997780 0.66666666666666662966 0.48333333333333333703 0.29999999999999998890 0.11666666666666666852 0.93333333333333334814 0.75000000000000000000 0.56666666666666665186 0.38333333333333335924 0.20000000000000001110 0.01666666666666666644 0.83333333333333337034 0.65000000000000002220 0.46666666666666667407 0.28333333333333332593 0.10000000000000000555 0.91666666666666662966 0.73333333333333328152 0.55000000000000004441 0.36666666666666664076 0.18333333333333332038 
0.00000000000000000000 0.82499999999999995559 0.65000000000000002220 0.47499999999999997780 0.29999999999999998890 0.12500000000000000000 0.94999999999999995559 0.77500000000000002220 0.59999999999999997780 0.42499999999999998890 0.25000000000000000000 0.07499999999999999722 0.90000000000000002220 0.72499999999999997780 0.55000000000000004441 0.37500000000000000000 0.20000000000000001110 0.02500000000000000139 0.84999999999999997780 0.67500000000000004441 0.50000000000000000000 0.32500000000000001110 0.14999999999999999445 0.97499999999999997780 0.80000000000000004441 0.62500000000000000000 0.45000000000000001110 0.27500000000000002220 0.10000000000000000555 0.92500000000000004441 0.75000000000000000000 0.57499999999999995559 0.40000000000000002220 0.22500000000000000555 0.05000000000000000278 0.87500000000000000000 0.69999999999999995559 0.52500000000000002220 0.34999999999999997780 0.17499999999999998890 0.00000000000000000000 0.82499999999999995559 0.65000000000000002220 0.47499999999999997780 0.29999999999999998890 0.12500000000000000000 0.94999999999999995559 0.77500000000000002220 0.59999999999999997780 0.42499999999999998890 0.25000000000000000000 0.07499999999999999722 0.90000000000000002220 0.72499999999999997780 0.55000000000000004441 0.37500000000000000000 0.20000000000000001110 0.02500000000000000139 0.84999999999999997780 0.67500000000000004441 0.50000000000000000000 0.32500000000000001110 0.14999999999999999445 0.97499999999999997780 0.80000000000000004441 0.62500000000000000000 0.45000000000000001110 0.27500000000000002220 0.10000000000000000555 0.92500000000000004441 0.75000000000000000000 0.57499999999999995559 0.40000000000000002220 0.22500000000000000555 0.05000000000000000278 0.87500000000000000000 0.69999999999999995559 0.52500000000000002220 0.34999999999999997780 0.17499999999999998890 0.00000000000000000000 0.82499999999999995559 0.65000000000000002220 0.47499999999999997780 0.29999999999999998890 0.12500000000000000000 0.94999999999999995559 0.77500000000000002220 0.59999999999999997780 0.42499999999999998890 0.25000000000000000000 0.07499999999999999722 0.90000000000000002220 0.72499999999999997780 0.55000000000000004441 0.37500000000000000000 0.20000000000000001110 0.02500000000000000139 0.84999999999999997780 0.67500000000000004441 0.50000000000000000000 0.32500000000000001110 0.14999999999999999445 0.97499999999999997780 0.80000000000000004441 0.62500000000000000000 0.45000000000000001110 0.27500000000000002220 0.10000000000000000555 0.92500000000000004441 0.75000000000000000000 0.57499999999999995559 0.40000000000000002220 0.22500000000000000555 0.05000000000000000278 0.87500000000000000000 0.69999999999999995559 0.52500000000000002220 0.34999999999999997780 0.17499999999999998890 
0.00000000000000000000 0.83333333333333337034 0.66666666666666662966 0.50000000000000000000 0.33333333333333331483 0.16666666666666665741 0.00000000000000000000 0.83333333333333337034 0.66666666666666662966 0.50000000000000000000 0.33333333333333331483 0.16666666666666665741 0.00000000000000000000 0.83333333333333337034 0.66666666666666662966 0.50000000000000000000 0.33333333333333331483 0.16666666666666665741 0.00000000000000000000 0.83333333333333337034 0.66666666666666662966 0.50000000000000000000 0.33333333333333331483 0.16666666666666665741 0.00000000000000000000 0.83333333333333337034 0.66666666666666662966 0.50000000000000000000 0.33333333333333331483 0.16666666666666665741 0.00000000000000000000 0.83333333333333337034 0.66666666666666662966 0.50000000000000000000 0.33333333333333331483 0.16666666666666665741 0.00000000000000000000 0.83333333333333337034 0.66666666666666662966 0.50000000000000000000 0.33333333333333331483 0.16666666666666665741 0.00000000000000000000 0.83333333333333337034 0.66666666666666662966 0.50000000000000000000 0.33333333333333331483 0.16666666666666665741 0.00000000000000000000 0.83333333333333337034 0.66666666666666662966 0.50000000000000000000 0.33333333333333331483 0.16666666666666665741 0.00000000000000000000 0.83333333333333337034 0.66666666666666662966 0.50000000000000000000 0.33333333333333331483 0.16666666666666665741 0.00000000000000000000 0.83333333333333337034 0.66666666666666662966 0.50000000000000000000 0.33333333333333331483 0.16666666666666665741 0.00000000000000000000 0.83333333333333337034 0.66666666666666662966 0.50000000000000000000 0.33333333333333331483 0.16666666666666665741 0.00000000000000000000 0.83333333333333337034 0.66666666666666662966 0.50000000000000000000 0.33333333333333331483 0.16666666666666665741 0.00000000000000000000 0.83333333333333337034 0.66666666666666662966 0.50000000000000000000 0.33333333333333331483 0.16666666666666665741 0.00000000000000000000 0.83333333333333337034 0.66666666666666662966 0.50000000000000000000 0.33333333333333331483 0.16666666666666665741 0.00000000000000000000 0.83333333333333337034 0.66666666666666662966 0.50000000000000000000 0.33333333333333331483 0.16666666666666665741 0.00000000000000000000 0.83333333333333337034 0.66666666666666662966 0.50000000000000000000 0.33333333333333331483 0.16666666666666665741 0.00000000000000000000 0.83333333333333337034 0.66666666666666662966 0.50000000000000000000 0.33333333333333331483 0.16666666666666665741 0.00000000000000000000 0.83333333333333337034 0.66666666666666662966 0.50000000000000000000 0.33333333333333331483 0.16666666666666665741 0.00000000000000000000 0.83333333333333337034 0.66666666666666662966 0.50000000000000000000 0.33333333333333331483 0.16666666666666665741 
0.00000000000000000000 0.84166666666666667407 0.68333333333333334814 0.52500000000000002220 0.36666666666666664076 0.20833333333333334259 0.05000000000000000278 0.89166666666666671848 0.73333333333333328152 0.57499999999999995559 0.41666666666666668517 0.25833333333333335924 0.10000000000000000555 0.94166666666666665186 0.78333333333333332593 0.62500000000000000000 0.46666666666666667407 0.30833333333333334814 0.14999999999999999445 0.99166666666666669627 0.83333333333333337034 0.67500000000000004441 0.51666666666666671848 0.35833333333333333703 0.20000000000000001110 0.04166666666666666435 0.88333333333333330373 0.72499999999999997780 0.56666666666666665186 0.40833333333333332593 0.25000000000000000000 0.09166666666666666019 0.93333333333333334814 0.77500000000000002220 0.61666666666666669627 0.45833333333333331483 0.29999999999999998890 0.14166666666666666297 0.98333333333333328152 0.82499999999999995559 0.66666666666666662966 0.50833333333333330373 0.34999999999999997780 0.19166666666666667962 0.03333333333333333287 0.87500000000000000000 0.71666666666666667407 0.55833333333333334814 0.40000000000000002220 0.24166666666666666852 0.08333333333333332871 0.92500000000000004441 0.76666666666666671848 0.60833333333333328152 0.45000000000000001110 0.29166666666666668517 0.13333333333333333148 0.97499999999999997780 0.81666666666666665186 0.65833333333333332593 0.50000000000000000000 0.34166666666666667407 0.18333333333333332038 0.02500000000000000139 0.86666666666666669627 0.70833333333333337034 0.55000000000000004441 0.39166666666666666297 0.23333333333333333703 0.07499999999999999722 0.91666666666666662966 0.75833333333333330373 0.59999999999999997780 0.44166666666666665186 0.28333333333333332593 0.12500000000000000000 0.96666666666666667407 0.80833333333333334814 0.65000000000000002220 0.49166666666666664076 0.33333333333333331483 0.17499999999999998890 0.01666666666666666644 0.85833333333333328152 0.69999999999999995559 0.54166666666666662966 0.38333333333333335924 0.22500000000000000555 0.06666666666666666574 0.90833333333333332593 0.75000000000000000000 0.59166666666666667407 0.43333333333333334814 0.27500000000000002220 0.11666666666666666852 0.95833333333333337034 0.80000000000000004441 0.64166666666666671848 0.48333333333333333703 0.32500000000000001110 0.16666666666666665741 0.00833333333333333322 0.84999999999999997780 0.69166666666666665186 0.53333333333333332593 0.37500000000000000000 0.21666666666666667407 0.05833333333333333426 0.90000000000000002220 0.74166666666666669627 0.58333333333333337034 0.42499999999999998890 0.26666666666666666297 0.10833333333333333703 0.94999999999999995559 0.79166666666666662966 0.63333333333333330373 0.47499999999999997780 0.31666666666666665186 0.15833333333333332593 
0.00000000000000000000 0.84999999999999997780 0.69999999999999995559 0.55000000000000004441 0.40000000000000002220 0.25000000000000000000 0.10000000000000000555 0.94999999999999995559 0.80000000000000004441 0.65000000000000002220 0.50000000000000000000 0.34999999999999997780 0.20000000000000001110 0.05000000000000000278 0.90000000000000002220 0.75000000000000000000 0.59999999999999997780 0.45000000000000001110 0.29999999999999998890 0.14999999999999999445 0.00000000000000000000 0.84999999999999997780 0.69999999999999995559 0.55000000000000004441 0.40000000000000002220 0.25000000000000000000 0.10000000000000000555 0.94999999999999995559 0.80000000000000004441 0.65000000000000002220 0.50000000000000000000 0.34999999999999997780 0.20000000000000001110 0.05000000000000000278 0.90000000000000002220 0.75000000000000000000 0.59999999999999997780 0.45000000000000001110 0.29999999999999998890 0.14999999999999999445 0.00000000000000000000 0.84999999999999997780 0.69999999999999995559 0.55000000000000004441 0.40000000000000002220 0.25000000000000000000 0.10000000000000000555 0.94999999999999995559 0.80000000000000004441 0.65000000000000002220 0.50000000000000000000 0.34999999999999997780 0.20000000000000001110 0.05000000000000000278 0.90000000000000002220 0.75000000000000000000 0.59999999999999997780 0.45000000000000001110 0.29999999999999998890 0.14999999999999999445 0.00000000000000000000 0.84999999999999997780 0.69999999999999995559 0.55000000000000004441 0.40000000000000002220 0.25000000000000000000 0.10000000000000000555 0.94999999999999995559 0.80000000000000004441 0.65000000000000002220 0.50000000000000000000 0.34999999999999997780 0.20000000000000001110 0.05000000000000000278 0.90000000000000002220 0.75000000000000000000 0.59999999999999997780 0.45000000000000001110 0.29999999999999998890 0.14999999999999999445 0.00000000000000000000 0.84999999999999997780 0.69999999999999995559 0.55000000000000004441 0.40000000000000002220 0.25000000000000000000 0.10000000000000000555 0.94999999999999995559 0.80000000000000004441 0.65000000000000002220 0.50000000000000000000 0.34999999999999997780 0.20000000000000001110 0.05000000000000000278 0.90000000000000002220 0.75000000000000000000 0.59999999999999997780 0.45000000000000001110 0.29999999999999998890 0.14999999999999999445 0.00000000000000000000 0.84999999999999997780 0.69999999999999995559 0.55000000000000004441 0.40000000000000002220 0.25000000000000000000 0.10000000000000000555 0.94999999999999995559 0.80000000000000004441 0.65000000000000002220 0.50000000000000000000 0.34999999999999997780 0.20000000000000001110 0.05000000000000000278 0.90000000000000002220 0.75000000000000000000 0.59999999999999997780 0.45000000000000001110 0.29999999999999998890 0.14999999999999999445 
0.00000000000000000000 0.85833333333333328152 0.71666666666666667407 0.57499999999999995559 0.43333333333333334814 0.29166666666666668517 0.14999999999999999445 0.00833333333333333322 0.86666666666666669627 0.72499999999999997780 0.58333333333333337034 0.44166666666666665186 0.29999999999999998890 0.15833333333333332593 0.01666666666666666644 0.87500000000000000000 0.73333333333333328152 0.59166666666666667407 0.45000000000000001110 0.30833333333333334814 0.16666666666666665741 0.02500000000000000139 0.88333333333333330373 0.74166666666666669627 0.59999999999999997780 0.45833333333333331483 0.31666666666666665186 0.17499999999999998890 0.03333333333333333287 0.89166666666666671848 0.75000000000000000000 0.60833333333333328152 0.46666666666666667407 0.32500000000000001110 0.18333333333333332038 0.04166666666666666435 0.90000000000000002220 0.75833333333333330373 0.61666666666666669627 0.47499999999999997780 0.33333333333333331483 0.19166666666666667962 0.05000000000000000278 0.90833333333333332593 0.76666666666666671848 0.62500000000000000000 0.48333333333333333703 0.34166666666666667407 0.20000000000000001110 0.05833333333333333426 0.91666666666666662966 0.77500000000000002220 0.63333333333333330373 0.49166666666666664076 0.34999999999999997780 0.20833333333333334259 0.06666666666666666574 0.92500000000000004441 0.78333333333333332593 0.64166666666666671848 0.50000000000000000000 0.35833333333333333703 0.21666666666666667407 0.07499999999999999722 0.93333333333333334814 0.79166666666666662966 0.65000000000000002220 0.50833333333333330373 0.36666666666666664076 0.22500000000000000555 0.08333333333333332871 0.94166666666666665186 0.80000000000000004441 0.65833333333333332593 0.51666666666666671848 0.37500000000000000000 0.23333333333333333703 0.09166666666666666019 0.94999999999999995559 0.80833333333333334814 0.66666666666666662966 0.52500000000000002220 0.38333333333333335924 0.24166666666666666852 0.10000000000000000555 0.95833333333333337034 0.81666666666666665186 0.67500000000000004441 0.53333333333333332593 0.39166666666666666297 0.25000000000000000000 0.10833333333333333703 0.96666666666666667407 0.82499999999999995559 0.68333333333333334814 0.54166666666666662966 0.40000000000000002220 0.25833333333333335924 0.11666666666666666852 0.97499999999999997780 0.83333333333333337034 0.69166666666666665186 0.55000000000000004441 0.40833333333333332593 0.26666666666666666297 0.12500000000000000000 0.98333333333333328152 0.84166666666666667407 0.69999999999999995559 0.55833333333333334814 0.41666666666666668517 0.27500000000000002220 0.13333333333333333148 0.99166666666666669627 0.84999999999999997780 0.70833333333333337034 0.56666666666666665186 0.42499999999999998890 0.28333333333333332593 0.14166666666666666297 
